135609
181557
274857
17595
261332
252475
165198
209623
122070
61424
143706
331110
81374
129958
116838
30089
184552
299818
325645
260481
137871
107280
249001
316945
332816
29249
173750
46172
91041
318201
70654
43684
195713
113254
137522
284927
302075
244860
150077
231416
77061
222193
243041
216343
124657
131169
61726
286293
177337
127647
278984
85238
304097
293907
304597
133247
137942
310032
166981
205364
250269
345872
196639
229128
205485
333701
310899
61131
64320
87645
270588
71675
353788
255419
63145
308923
327320
346125
205372
202593
63584
184883
197405
59487
177761
192597
71554
224287
9472
114737
191832
117609
216734
130263
48559
328887
